0.62492
0.632627
0.641618
0.722543
0.728966
0.7386
0.730893
0.740527
0.795761
0.79833
0.800899
0.803468
0.849069
0.879897
0.883751
0.890173
0.8921
0.895311
0.899165
0.929351
0.929351
0.931278
0.933847
0.933847
0.935132
0.936416
0.936416
0.937058
0.937058
0.937058
0.937701
0.947977
0.947977
0.947977
0.954399
0.954399
0.956969
0.956969
0.956969
0.956969
0.956969
0.956969
0.958253
0.958253
0.958253
0.958253
0.968529
0.968529
0.968529
0.969171
0.969171
0.969171
0.971098
0.971098
0.971098
0.971098
0.971098
0.971098
0.971098
0.971098
0.971098
0.971098
0.971098
0.971098
0.971098
0.971098
0.971098
0.971098
0.971098
0.971098
0.971098
0.971098
0.971098
0.971098
0.974952
0.974952
0.974952
0.974952
0.974952
0.974952
0.974952
0.974952
0.974952
0.974952
0.974952
0.974952
0.974952
0.974952
0.974952
0.974952
0.974952
0.974952
0.976879
0.976879
0.976879
0.976879
0.976879
0.976879
0.976879
0.976879
0.976879
0.976879
0.976879
0.976879
0.976879
0.976879
0.976879
0.976879
0.976879
0.976879
0.976879
0.976879
0.976879
0.976879
0.976879
0.976879
0.976879
0.976879
0.976879
0.976879
0.976879
0.976879
0.976879
0.976879
0.976879
0.976879
0.976879
0.976879
0.976879
0.976879
0.976879
0.976879
0.976879
0.976879
0.976879
0.976879
0.976879
0.976879
0.976879
0.976879
0.976879
0.976879
0.976879
0.976879
0.976879
0.976879
0.976879
0.976879
0.976879
0.976879
0.976879
0.976879
0.976879
0.976879
0.976879
0.976879
0.976879
0.976879
0.976879
0.976879
0.976879
0.976879
0.976879
0.976879
0.976879
0.976879
0.976879
0.976879
0.976879
0.976879
0.976879
0.976879
0.976879
0.976879
0.976879
0.976879
0.976879
0.976879
0.976879
0.976879
0.976879
0.976879
0.976879
0.976879
0.976879
0.976879
0.976879
0.976879
0.976879
0.976879
0.976879
0.976879
0.976879
0.976879
0.976879
0.976879
0.976879
0.976879
0.976879
0.976879
0.976879
0.976879
0.976879
0.976879
0.976879
0.976879
0.976879
0.976879
0.976879
0.976879
0.976879
0.976879
0.976879
0.976879
0.976879
0.976879
0.976879
0.976879
0.976879
0.976879
0.976879
0.976879
0.976879
0.976879
0.976879
0.976879
0.976879
0.976879
0.976879
0.976879
0.976879
0.976879
0.976879
0.976879
0.976879
0.976879
0.976879
0.976879
0.976879
0.976879
0.976879
0.976879
0.976879
0.976879
0.976879
0.976879
0.976879
0.976879
0.976879
0.976879
0.976879
0.976879
0.976879
0.976879
0.976879
0.976879
0.976879
0.976879
0.976879
0.976879
0.976879
0.976879
0.976879
0.976879
0.976879
0.976879
0.976879
0.976879
0.976879
0.976879
0.976879
0.976879
0.976879
0.976879
0.976879
0.976879
0.976879
0.976879
0.976879
0.976879
0.976879
0.976879
0.976879
0.976879
0.976879
0.976879
0.976879
0.976879
0.976879
0.976879
0.976879
0.976879
0.976879
0.976879
0.976879
0.976879
0.976879
0.976879
0.976879
0.976879
0.976879
0.976879
0.976879
0.976879
0.976879
0.976879
0.976879
0.976879
0.976879
0.976879
0.976879
0.976879
0.976879
0.976879
0.976879
0.976879
0.976879
0.976879
0.976879
0.976879
0.976879
0.976879
0.976879
0.976879
0.976879
0.976879
0.976879
0.976879
0.976879
0.976879
0.976879
0.976879
0.976879
0.976879
0.976879
0.976879
0.976879
0.976879
0.976879
0.976879
0.976879
0.976879
0.976879
0.976879
0.976879
0.976879
0.976879
0.976879
0.976879
0.976879
0.976879
0.976879
0.976879
0.976879
0.976879
0.976879
0.976879
0.976879
0.976879
0.976879
0.976879
0.976879
0.976879
0.976879
0.976879
0.976879
0.976879
0.976879
0.976879
0.976879
0.976879
0.976879
0.976879
0.976879
0.976879
0.976879
0.976879
0.976879
0.976879
0.976879
0.976879
0.976879
0.976879
0.976879
0.976879
0.976879
0.976879
0.976879
0.976879
0.976879
0.976879
0.976879
0.976879
0.976879
0.976879
0.976879
0.976879
0.976879
0.976879
0.976879
