1 -94645 -114023 17678.4
2 -94205 -104986 10348.9
3 -90205 -96559.3 5679.23
4 -89955 -95659.1 11809.3
5 -89580 -90635 2220.76
6 -89015 -94016.7 12967.4
7 -88580 -89895 2157.45
8 -87205 -90042.3 3827.15
9 -87125 -93773.6 13239.1
10 -87025 -90555.6 12716
11 -86830 -92560.9 13005.2
12 -84430 -90691.9 12884.9
13 -83175 -88152.8 6736.86
14 -83115 -86257.2 5072.38
15 -82775 -84162 3097.4
16 -82700 -85271.2 5947.44
17 -82470 -87803.4 13803
18 -82410 -83395.7 2780.48
19 -81145 -82442.2 455.353
20 -81145 -82896.7 3148.25
21 -81060 -84702.9 12864.4
22 -80960 -84879.8 12831.4
23 -80960 -83108.7 4104.03
24 -80910 -81363.4 655.593
25 -80870 -84337.6 7131.47
26 -80870 -81845.4 3103.16
27 -80865 -85954.1 7571.47
28 -80765 -80979.1 337.971
29 -80765 -83684.3 4870
30 -80730 -81007.8 447.21
31 -80390 -81094.7 925.733
32 -80390 -82478 5871.08
33 -80390 -81077.8 1038.86
34 -80110 -81566 3124.66
35 -80110 -81095.6 1932.64
36 -80010 -80290.3 419.95
37 -80010 -80695.6 731.072
38 -80010 -80324.7 471.262
39 -80010 -81018.5 3129.57
40 -80010 -80146.9 442.636
41 -80010 -81024.4 2530.42
42 -80000 -81200.1 3171.74
43 -80000 -80409.4 892.403
44 -80000 -81480.4 4687.57
45 -79925 -80855.6 1848.3
46 -79580 -80689.1 1032.24
47 -79580 -80771.9 1788.05
48 -79580 -80080.3 710.323
49 -79575 -79887.2 597.542
50 -79575 -79902.5 820.402
51 -79575 -79813.1 531.272
52 -79460 -79724.7 429.214
53 -79460 -80629.1 2405.95
54 -79460 -79683.4 530.458
55 -79460 -79757.2 530.427
56 -79460 -79661.9 429.934
57 -79460 -79984.7 675.76
58 -79460 -79677.8 536.215
59 -79460 -79794.4 573.646
60 -79460 -80212.2 1713.37
61 -79460 -80199.1 833.217
62 -79460 -79653.8 357.494
63 -79425 -79612.8 359.833
64 -79425 -80133.8 929.485
65 -79425 -79718.4 717.349
66 -79425 -79760.9 499.344
67 -79425 -79790 558.755
68 -79425 -79474.4 196.171
69 -79355 -79897.2 748.429
70 -79355 -79795.3 591.316
71 -79355 -79585.6 511.158
72 -79355 -79535.6 350.77
73 -79355 -79744.4 619.889
74 -79305 -79591.9 508.966
75 -79305 -79598.4 478.598
76 -79305 -79504.4 332.946
77 -79305 -79708.4 466.186
78 -79305 -79778.1 860.333
79 -79305 -79519.1 515.526
80 -79305 -79665.6 555.331
81 -79305 -79725.6 586.523
82 -79305 -79598.4 439.912
83 -79305 -79608.4 357.919
84 -79305 -79554.1 441.26
85 -79305 -79599.4 346.511
86 -79305 -79669.1 749.318
87 -79305 -79578.4 389.143
88 -79305 -79624.7 789.104
89 -79305 -79739.7 864.262
90 -79305 -79488.4 377.146
91 -79305 -79580.6 336.734
92 -79230 -79446.6 347.307
93 -79230 -79544.7 715.305
94 -79230 -79862.8 1019.62
95 -79230 -79512.2 631.989
96 -79230 -79387.2 296.237
97 -79230 -79552.2 474.127
98 -79230 -79562.2 546.598
99 -79230 -79360.9 226.195
100 -79230 -79337.8 191.642
101 -79230 -79356.2 418.818
102 -79230 -79435.6 456.581
103 -79230 -79839.1 815.703
104 -79230 -79621.2 769.299
105 -79230 -79729.4 802.479
106 -79230 -79475.6 716.594
107 -79230 -79564.7 547.563
108 -79230 -79480 639.846
109 -79230 -79396.6 399.549
110 -79230 -79515.3 661.766
111 -79230 -79810.9 788.945
112 -79230 -79473.8 347.412
113 -79230 -79469.4 337.87
114 -79230 -79530.9 451.007
115 -79230 -79345.9 208.36
116 -79230 -79576.9 490.656
117 -79230 -79605.6 660.943
118 -79230 -79421.2 334.896
119 -79230 -79467.5 433.205
120 -79230 -79414.4 340.097
121 -79230 -79632.5 737.338
122 -79230 -79358.1 236.269
123 -79230 -79410.3 305.639
124 -79230 -79763.1 866.954
125 -79230 -79275.6 146.024
126 -79230 -79335.3 207.689
127 -79230 -79598.1 491.609
128 -79230 -79568.4 649.812
129 -79230 -79583.4 681.679
130 -79230 -79653.1 682.993
131 -79230 -79485 461.158
132 -79230 -79894.1 965.205
133 -79230 -79460 483.787
134 -79230 -79410 344.272
135 -79230 -79637.8 775.341
136 -79230 -79502.2 573.71
137 -79230 -79462.8 554.343
138 -79230 -79704.1 729.484
139 -79230 -79401.2 623.096
140 -79230 -79370.6 333.901
141 -79230 -79521.6 639.666
142 -79230 -79575.3 527.521
143 -79230 -79470.6 300.26
144 -79230 -79548.4 617.513
145 -79230 -79553.1 723.807
146 -79230 -79417.8 300.35
147 -79230 -79358.8 287.382
148 -79230 -79473.4 346.755
149 -79230 -79297.5 213.892
150 -79230 -79518.4 648.991
151 -79230 -79438.1 271.397
152 -79230 -79553.4 449.58
153 -79230 -79539.4 443.083
154 -79230 -79351.2 221.83
155 -79230 -79585 522.366
156 -79230 -79772.2 857.3
157 -79230 -79355 339.485
158 -79230 -79619.4 653.37
159 -79230 -79452.8 420.032
160 -79230 -79642.5 507.802
161 -79230 -79523.8 538.96
162 -79230 -79439.4 527.247
163 -79230 -79616.2 515.34
164 -79230 -79374.1 239.856
165 -79230 -79364.7 224.444
166 -79230 -79391.2 356.476
167 -79230 -79715 720.447
168 -79230 -79436.6 385.018
169 -79230 -79829.1 613.694
170 -79230 -79294.4 129.137
171 -79230 -79545.3 558.78
172 -79230 -79517.2 523.651
173 -79230 -79371.9 314.133
174 -79230 -79513.1 419.65
175 -79230 -79570.6 551.806
176 -79230 -79320.6 253.62
177 -79230 -79497.5 349.476
178 -79230 -79755.6 712.65
179 -79230 -79400 431.71
180 -79230 -79454.7 415.67
181 -79230 -79600.3 776.721
182 -79230 -79363.1 242.74
183 -79230 -79574.1 531.458
184 -79230 -79627.2 574.653
185 -79230 -79522.8 739.317
186 -79230 -79497.8 425.406
187 -79230 -79533.1 450.991
188 -79230 -79584.7 665.175
189 -79230 -79585.3 745.675
190 -79230 -79650.3 544.281
191 -79230 -79443.8 464.433
192 -79230 -79346.2 340.595
193 -79230 -79611.2 563.147
194 -79230 -79525.9 697.429
195 -79230 -79384.7 268.517
196 -79230 -79489.1 409.212
197 -79230 -79424.1 335.183
198 -79230 -79435 458.163
199 -79230 -79666.9 598.837
200 -79230 -79487.5 384.664
201 -79230 -79529.1 712.947
202 -79230 -79375.9 305.931
203 -79230 -79632.2 781.978
204 -79230 -79385.6 339.833
205 -79230 -79535.3 734.233
206 -79230 -79720 759.739
207 -79230 -79415 412.327
208 -79230 -79767.5 509.853
209 -79230 -79560.3 472.026
210 -79230 -79474.4 522.258
211 -79230 -79589.4 540.641
212 -79230 -79596.9 644.662
213 -79230 -79563.1 657.3
214 -79230 -79462.2 431.084
215 -79230 -79534.7 667.267
216 -79230 -79747.8 799.587
217 -79230 -79505 737.457
218 -79230 -79402.8 299.282
219 -79230 -79659.4 707.304
220 -79230 -79444.4 332.074
221 -79230 -79470 554.566
222 -79230 -79604.7 665.526
223 -79230 -79548.1 531.507
224 -79230 -79504.1 412
225 -79230 -79445.3 384.059
226 -79230 -79699.4 841.845
227 -79230 -79443.4 578.972
228 -79230 -79831.6 875.549
229 -79230 -79470.9 617.898
230 -79230 -79334.4 299.382
231 -79230 -79502.5 747.46
232 -79230 -79646.9 537.06
233 -79230 -79515 377.311
234 -79230 -79604.4 496.97
235 -79230 -79686.6 903.351
236 -79230 -79638.8 617.656
237 -79230 -79431.6 388.513
238 -79230 -79373.8 234.787
239 -79230 -79558.1 650.615
240 -79230 -79817.2 819.16
241 -79230 -79388.4 237.555
242 -79230 -79606.9 640.801
243 -79230 -79366.9 284.106
244 -79230 -79414.7 362.218
245 -79230 -79775.3 823.866
246 -79230 -79490.9 479.775
247 -79230 -79612.5 473.638
248 -79230 -79442.2 500.396
249 -79230 -79805.6 944.163
250 -79230 -79320.9 195.612
251 -79230 -79866.2 922.859
252 -79230 -79515 461.281
253 -79230 -79619.7 637.833
254 -79230 -79317.5 191.268
255 -79230 -79825.6 911.926
256 -79230 -79429.1 350.396
257 -79230 -79531.9 607.088
258 -79230 -79655.3 735.109
259 -79230 -79488.4 627.76
260 -79230 -79520.6 477.912
261 -79230 -79598.8 670.387
262 -79230 -79495.3 408.213
263 -79230 -79541.2 569.759
264 -79230 -79636.6 698.233
265 -79230 -79649.1 567.054
266 -79230 -79497.5 505.816
267 -79230 -79551.9 579.148
268 -79230 -79524.1 657.085
269 -79230 -79640 520.445
270 -79230 -79313.1 228.924
271 -79230 -79700.3 580.36
272 -79230 -79446.2 364.708
273 -79230 -79386.2 347.191
274 -79230 -79369.7 218.063
275 -79230 -79454.7 386.137
276 -79230 -79515 676.321
277 -79230 -79612.8 555.44
278 -79230 -79488.8 365.032
279 -79230 -79523.1 440.738
280 -79230 -79619.7 641.835
281 -79230 -79969.4 961.953
282 -79230 -79536.9 488.999
283 -79230 -79554.1 646.2
284 -79230 -79325.3 237.736
285 -79230 -79398.1 262.995
286 -79230 -79519.7 450.054
287 -79230 -79544.4 733.046
288 -79230 -79745 760.086
289 -79230 -79419.1 310.908
290 -79230 -79432.5 533.07
291 -79230 -79450 364.559
292 -79230 -79271.2 143.393
293 -79230 -79558.4 456.989
294 -79230 -79755.3 632.652
295 -79230 -79428.8 289.784
296 -79230 -79409.7 350.977
297 -79230 -79566.6 622.176
298 -79230 -79760.3 790.76
299 -79230 -79520.3 638.946
300 -79230 -79527.5 532.541
301 -79230 -79397.8 498.304
302 -79230 -79606.2 702.195
303 -79230 -79481.6 728.868
304 -79230 -79612.8 653.865
305 -79230 -79416.2 312.951
306 -79230 -79390.6 384.347
307 -79230 -79619.1 540.571
308 -79230 -79761.9 858.809
309 -79230 -79396.6 350.674
310 -79230 -79683.1 772.178
311 -79230 -79400.3 400.069
312 -79230 -79490 623.939
313 -79230 -79616.2 560.647
314 -79230 -79335 247.353
315 -79230 -79864.4 1006.75
316 -79230 -79384.7 418.849
317 -79230 -79645.3 621.148
318 -79230 -79559.7 585.037
319 -79230 -79486.9 484.207
320 -79230 -79550.6 740.824
321 -79230 -79463.1 563.27
322 -79230 -79687.8 850.833
323 -79230 -79889.7 1089.09
324 -79230 -79673.1 769.118
325 -79230 -79577.2 758.008
326 -79230 -79568.8 689.535
327 -79230 -79441.9 455.064
328 -79230 -79463.8 407.556
329 -79230 -79321.6 253.277
330 -79230 -79473.1 661.629
331 -79230 -79585 520.637
332 -79230 -79583.4 633.842
333 -79230 -79597.5 659.03
334 -79230 -79757.2 772.893
335 -79230 -79877.8 910.064
336 -79230 -79594.4 748.547
337 -79230 -79296.6 143.779
338 -79230 -79598.1 683.161
339 -79230 -79477.2 363.148
340 -79230 -79568.1 551.322
341 -79230 -79464.4 358.408
342 -79230 -79708.1 744.576
343 -79230 -79570.9 552.601
344 -79230 -79925.3 960.039
345 -79230 -79559.1 751.015
346 -79230 -79712.5 845.941
347 -79230 -79386.6 348.05
348 -79230 -79637.8 606.363
349 -79230 -79741.9 954.697
350 -79230 -79380.6 328.897
351 -79230 -80007.5 886.094
352 -79230 -79722.2 904.358
353 -79230 -79506.6 450.321
354 -79230 -79449.4 386.311
355 -79230 -79619.1 591.448
356 -79230 -79477.8 323.068
357 -79230 -79672.5 662.211
358 -79230 -79925.3 2018.52
359 -79230 -79420.6 323.604
360 -79230 -79972.8 1972.44
361 -79230 -79454.1 441.302
362 -79230 -79409.7 377.441
363 -79230 -79651.6 672.678
364 -79230 -79547.5 665.507
365 -79230 -79472.2 341.165
366 -79230 -79483.1 542.116
367 -79230 -79477.8 627.856
368 -79230 -79400 387.363
369 -79230 -79468.1 391.965
370 -79230 -79340.6 182.18
371 -79170 -79535.3 629.525
372 -79170 -79548.1 732.768
373 -79170 -79679.1 730.119
374 -79170 -79255.9 145.479
375 -79170 -79518.1 606.869
376 -79170 -79584.4 598.815
377 -79170 -79482.2 454.734
378 -79170 -79513.1 762.791
379 -79170 -79633.4 697.684
380 -79170 -79606.9 593.986
381 -79170 -79609.7 562.312
382 -79170 -79472.2 489.765
383 -79170 -79530 676.166
384 -79170 -79547.5 669.181
385 -79170 -79224.7 147.823
386 -79170 -79447.5 431.926
387 -79170 -79487.5 507.083
388 -79170 -79594.7 694.563
389 -79170 -79490 641.314
390 -79170 -79520.3 521.525
391 -79170 -79295.6 332.891
392 -79170 -79889.7 1006.82
393 -79170 -79606.6 700.925
394 -79170 -79710 782.915
395 -79170 -79487.8 530.584
396 -79170 -79594.1 692.864
397 -79170 -79371.9 255.746
398 -79170 -79558.4 750.735
399 -79170 -79436.2 376.043
400 -79170 -79323.1 286.629
